mean soma width II = 0.673677884615
std soma width II = 0.111704832299
roc_auc_width_I = 0.855114299583
roc_auc_width_II = 0.720655962292
overlap_width = 0.129914244217
overlap_width_amp = 0.0990227173318
