overlap_width = 0.121663909403
overlap_width_amp = 0.0510499737439
