mean soma width II = 0.673677884615
std soma width II = 0.111704832299
roc_auc_width_I = 0.931278787187
roc_auc_width_II = 0.782370435104
overlap_width = 0.121706504849
overlap_width_amp = 0.0518730161789
